gg   :   gg
gg   win
gg   :   gg
gg   win
gg   :   gg
gg   win
gg   :   gg
gg   disconnect
client 0:  gg 

client 0:  gg 

client 0: gg
field client 0:
client 0: gg
field client 0:
[0, 0, 0, 0, 0, 1, 0, 0, 1, 1] [0, 0, 0, 0, 0, 0, 0, 0, 0, 0] [0, 0, 1, 0, 1, 1, 1, 0, 0, 0] [0, 0, 0, 0, 0, 0, 0, 0, 1, 0] [0, 0, 0, 0, 0, 0, 0, 0, 1, 0] [0, 0, 1, 0, 1, 1, 1, 0, 0, 0] [1, 0, 0, 0, 0, 0, 0, 0, 0, 0] [1, 0, 0, 0, 0, 0, 0, 0, 0, 0] [1, 0, 1, 0, 0, 0, 0, 0, 1, 0] [1, 0, 0, 0, 0, 0, 0, 0, 1, 0]
[0, 0, 0, 0, 0, 1, 0, 0, 1, 1] [0, 0, 0, 0, 0, 0, 0, 0, 0, 0] [0, 0, 1, 0, 1, 1, 1, 0, 0, 0] [0, 0, 0, 0, 0, 0, 0, 0, 1, 0] [0, 0, 0, 0, 0, 0, 0, 0, 1, 0] [0, 0, 1, 0, 1, 1, 1, 0, 0, 0] [1, 0, 0, 0, 0, 0, 0, 0, 0, 0] [1, 0, 0, 0, 0, 0, 0, 0, 0, 0] [1, 0, 1, 0, 0, 0, 0, 0, 1, 0] [1, 0, 0, 0, 0, 0, 0, 0, 1, 0]
[0, 0, 0, 0, 0, 1, 0, 0, 1, 1] [0, 0, 0, 0, 0, 0, 0, 0, 0, 0] [0, 0, 1, 0, 1, 1, 1, 0, 0, 0] [0, 0, 0, 0, 0, 0, 0, 0, 1, 0] [0, 0, 0, 0, 0, 0, 0, 0, 1, 0] [0, 0, 1, 0, 1, 1, 1, 0, 0, 0] [1, 0, 0, 0, 0, 0, 0, 0, 0, 0] [1, 0, 0, 0, 0, 0, 0, 0, 0, 0] [1, 0, 1, 0, 0, 0, 0, 0, 1, 0] [1, 0, 0, 0, 0, 0, 0, 0, 1, 0]
[0, 0, 0, 0, 0, 1, 0, 0, 1, 1] [0, 0, 0, 0, 0, 0, 0, 0, 0, 0] [0, 0, 1, 0, 1, 1, 1, 0, 0, 0] [0, 0, 0, 0, 0, 0, 0, 0, 1, 0] [0, 0, 0, 0, 0, 0, 0, 0, 1, 0] [0, 0, 1, 0, 1, 1, 1, 0, 0, 0] [1, 0, 0, 0, 0, 0, 0, 0, 0, 0] [1, 0, 0, 0, 0, 0, 0, 0, 0, 0] [1, 0, 1, 0, 0, 0, 0, 0, 1, 0] [1, 0, 0, 0, 0, 0, 0, 0, 1, 0]
[0, 0, 0, 0, 0, 1, 0, 0, 1, 1] [0, 0, 0, 0, 0, 0, 0, 0, 0, 0] [0, 0, 1, 0, 1, 1, 1, 0, 0, 0] [0, 0, 0, 0, 0, 0, 0, 0, 1, 0] [0, 0, 0, 0, 0, 0, 0, 0, 1, 0] [0, 0, 1, 0, 1, 1, 1, 0, 0, 0] [1, 0, 0, 0, 0, 0, 0, 0, 0, 0] [1, 0, 0, 0, 0, 0, 0, 0, 0, 0] [1, 0, 1, 0, 0, 0, 0, 0, 1, 0] [1, 0, 0, 0, 0, 0, 0, 0, 1, 0]
[0, 0, 0, 0, 0, 1, 0, 0, 1, 1] [0, 0, 0, 0, 0, 0, 0, 0, 0, 0] [0, 0, 1, 0, 1, 1, 1, 0, 0, 0] [0, 0, 0, 0, 0, 0, 0, 0, 1, 0] [0, 0, 0, 0, 0, 0, 0, 0, 1, 0] [0, 0, 1, 0, 1, 1, 1, 0, 0, 0] [1, 0, 0, 0, 0, 0, 0, 0, 0, 0] [1, 0, 0, 0, 0, 0, 0, 0, 0, 0] [1, 0, 1, 0, 0, 0, 0, 0, 1, 0] [1, 0, 0, 0, 0, 0, 0, 0, 1, 0]
[0, 0, 0, 0, 0, 1, 0, 0, 1, 1] [0, 0, 0, 0, 0, 0, 0, 0, 0, 0] [0, 0, 1, 0, 1, 1, 1, 0, 0, 0] [0, 0, 0, 0, 0, 0, 0, 0, 1, 0] [0, 0, 0, 0, 0, 0, 0, 0, 1, 0] [0, 0, 1, 0, 1, 1, 1, 0, 0, 0] [1, 0, 0, 0, 0, 0, 0, 0, 0, 0] [1, 0, 0, 0, 0, 0, 0, 0, 0, 0] [1, 0, 1, 0, 0, 0, 0, 0, 1, 0] [1, 0, 0, 0, 0, 0, 0, 0, 1, 0]
[0, 0, 0, 0, 0, 1, 0, 0, 1, 1] [0, 0, 0, 0, 0, 0, 0, 0, 0, 0] [0, 0, 1, 0, 1, 1, 1, 0, 0, 0] [0, 0, 0, 0, 0, 0, 0, 0, 1, 0] [0, 0, 0, 0, 0, 0, 0, 0, 1, 0] [0, 0, 1, 0, 1, 1, 1, 0, 0, 0] [1, 0, 0, 0, 0, 0, 0, 0, 0, 0] [1, 0, 0, 0, 0, 0, 0, 0, 0, 0] [1, 0, 1, 0, 0, 0, 0, 0, 1, 0] [1, 0, 0, 0, 0, 0, 0, 0, 1, 0]
[0, 0, 0, 0, 0, 1, 0, 0, 1, 1] [0, 0, 0, 0, 0, 0, 0, 0, 0, 0] [0, 0, 1, 0, 1, 1, 1, 0, 0, 0] [0, 0, 0, 0, 0, 0, 0, 0, 1, 0] [0, 0, 0, 0, 0, 0, 0, 0, 1, 0] [0, 0, 1, 0, 1, 1, 1, 0, 0, 0] [1, 0, 0, 0, 0, 0, 0, 0, 0, 0] [1, 0, 0, 0, 0, 0, 0, 0, 0, 0] [1, 0, 1, 0, 0, 0, 0, 0, 1, 0] [1, 0, 0, 0, 0, 0, 0, 0, 1, 0]
[0, 0, 0, 0, 0, 1, 0, 0, 1, 1] [0, 0, 0, 0, 0, 0, 0, 0, 0, 0] [0, 0, 1, 0, 1, 1, 1, 0, 0, 0] [0, 0, 0, 0, 0, 0, 0, 0, 1, 0] [0, 0, 0, 0, 0, 0, 0, 0, 1, 0] [0, 0, 1, 0, 1, 1, 1, 0, 0, 0] [1, 0, 0, 0, 0, 0, 0, 0, 0, 0] [1, 0, 0, 0, 0, 0, 0, 0, 0, 0] [1, 0, 1, 0, 0, 0, 0, 0, 1, 0] [1, 0, 0, 0, 0, 0, 0, 0, 1, 0]
client 1: gg
field client 1:
[0, 0, 1, 0, 0, 0, 0, 1, 1, 1] [0, 0, 1, 0, 0, 0, 0, 0, 0, 0] [0, 0, 0, 0, 0, 0, 0, 0, 0, 1] [0, 0, 0, 0, 0, 1, 0, 0, 0, 0] [1, 0, 0, 1, 0, 0, 0, 0, 1, 0] [0, 0, 0, 1, 0, 0, 0, 0, 0, 0] [1, 0, 0, 0, 0, 0, 0, 0, 0, 0] [1, 0, 0, 1, 1, 0, 0, 0, 0, 0] [1, 0, 0, 0, 0, 0, 0, 0, 0, 0] [0, 0, 0, 0, 0, 0, 1, 1, 1, 1]/n[0, 0, 1, 0, 0, 0, 0, 1, 1, 1] [0, 0, 1, 0, 0, 0, 0, 0, 0, 0] [0, 0, 0, 0, 0, 0, 0, 0, 0, 1] [0, 0, 0, 0, 0, 1, 0, 0, 0, 0] [1, 0, 0, 1, 0, 0, 0, 0, 1, 0] [0, 0, 0, 1, 0, 0, 0, 0, 0, 0] [1, 0, 0, 0, 0, 0, 0, 0, 0, 0] [1, 0, 0, 1, 1, 0, 0, 0, 0, 0] [1, 0, 0, 0, 0, 0, 0, 0, 0, 0] [0, 0, 0, 0, 0, 0, 1, 1, 1, 1]/n[0, 0, 1, 0, 0, 0, 0, 1, 1, 1] [0, 0, 1, 0, 0, 0, 0, 0, 0, 0] [0, 0, 0, 0, 0, 0, 0, 0, 0, 1] [0, 0, 0, 0, 0, 1, 0, 0, 0, 0] [1, 0, 0, 1, 0, 0, 0, 0, 1, 0] [0, 0, 0, 1, 0, 0, 0, 0, 0, 0] [1, 0, 0, 0, 0, 0, 0, 0, 0, 0] [1, 0, 0, 1, 1, 0, 0, 0, 0, 0] [1, 0, 0, 0, 0, 0, 0, 0, 0, 0] [0, 0, 0, 0, 0, 0, 1, 1, 1, 1]/n[0, 0, 1, 0, 0, 0, 0, 1, 1, 1] [0, 0, 1, 0, 0, 0, 0, 0, 0, 0] [0, 0, 0, 0, 0, 0, 0, 0, 0, 1] [0, 0, 0, 0, 0, 1, 0, 0, 0, 0] [1, 0, 0, 1, 0, 0, 0, 0, 1, 0] [0, 0, 0, 1, 0, 0, 0, 0, 0, 0] [1, 0, 0, 0, 0, 0, 0, 0, 0, 0] [1, 0, 0, 1, 1, 0, 0, 0, 0, 0] [1, 0, 0, 0, 0, 0, 0, 0, 0, 0] [0, 0, 0, 0, 0, 0, 1, 1, 1, 1]/n[0, 0, 1, 0, 0, 0, 0, 1, 1, 1] [0, 0, 1, 0, 0, 0, 0, 0, 0, 0] [0, 0, 0, 0, 0, 0, 0, 0, 0, 1] [0, 0, 0, 0, 0, 1, 0, 0, 0, 0] [1, 0, 0, 1, 0, 0, 0, 0, 1, 0] [0, 0, 0, 1, 0, 0, 0, 0, 0, 0] [1, 0, 0, 0, 0, 0, 0, 0, 0, 0] [1, 0, 0, 1, 1, 0, 0, 0, 0, 0] [1, 0, 0, 0, 0, 0, 0, 0, 0, 0] [0, 0, 0, 0, 0, 0, 1, 1, 1, 1]/n[0, 0, 1, 0, 0, 0, 0, 1, 1, 1] [0, 0, 1, 0, 0, 0, 0, 0, 0, 0] [0, 0, 0, 0, 0, 0, 0, 0, 0, 1] [0, 0, 0, 0, 0, 1, 0, 0, 0, 0] [1, 0, 0, 1, 0, 0, 0, 0, 1, 0] [0, 0, 0, 1, 0, 0, 0, 0, 0, 0] [1, 0, 0, 0, 0, 0, 0, 0, 0, 0] [1, 0, 0, 1, 1, 0, 0, 0, 0, 0] [1, 0, 0, 0, 0, 0, 0, 0, 0, 0] [0, 0, 0, 0, 0, 0, 1, 1, 1, 1]/n[0, 0, 1, 0, 0, 0, 0, 1, 1, 1] [0, 0, 1, 0, 0, 0, 0, 0, 0, 0] [0, 0, 0, 0, 0, 0, 0, 0, 0, 1] [0, 0, 0, 0, 0, 1, 0, 0, 0, 0] [1, 0, 0, 1, 0, 0, 0, 0, 1, 0] [0, 0, 0, 1, 0, 0, 0, 0, 0, 0] [1, 0, 0, 0, 0, 0, 0, 0, 0, 0] [1, 0, 0, 1, 1, 0, 0, 0, 0, 0] [1, 0, 0, 0, 0, 0, 0, 0, 0, 0] [0, 0, 0, 0, 0, 0, 1, 1, 1, 1]/n[0, 0, 1, 0, 0, 0, 0, 1, 1, 1] [0, 0, 1, 0, 0, 0, 0, 0, 0, 0] [0, 0, 0, 0, 0, 0, 0, 0, 0, 1] [0, 0, 0, 0, 0, 1, 0, 0, 0, 0] [1, 0, 0, 1, 0, 0, 0, 0, 1, 0] [0, 0, 0, 1, 0, 0, 0, 0, 0, 0] [1, 0, 0, 0, 0, 0, 0, 0, 0, 0] [1, 0, 0, 1, 1, 0, 0, 0, 0, 0] [1, 0, 0, 0, 0, 0, 0, 0, 0, 0] [0, 0, 0, 0, 0, 0, 1, 1, 1, 1]/n[0, 0, 1, 0, 0, 0, 0, 1, 1, 1] [0, 0, 1, 0, 0, 0, 0, 0, 0, 0] [0, 0, 0, 0, 0, 0, 0, 0, 0, 1] [0, 0, 0, 0, 0, 1, 0, 0, 0, 0] [1, 0, 0, 1, 0, 0, 0, 0, 1, 0] [0, 0, 0, 1, 0, 0, 0, 0, 0, 0] [1, 0, 0, 0, 0, 0, 0, 0, 0, 0] [1, 0, 0, 1, 1, 0, 0, 0, 0, 0] [1, 0, 0, 0, 0, 0, 0, 0, 0, 0] [0, 0, 0, 0, 0, 0, 1, 1, 1, 1]/n[0, 0, 1, 0, 0, 0, 0, 1, 1, 1] [0, 0, 1, 0, 0, 0, 0, 0, 0, 0] [0, 0, 0, 0, 0, 0, 0, 0, 0, 1] [0, 0, 0, 0, 0, 1, 0, 0, 0, 0] [1, 0, 0, 1, 0, 0, 0, 0, 1, 0] [0, 0, 0, 1, 0, 0, 0, 0, 0, 0] [1, 0, 0, 0, 0, 0, 0, 0, 0, 0] [1, 0, 0, 1, 1, 0, 0, 0, 0, 0] [1, 0, 0, 0, 0, 0, 0, 0, 0, 0] [0, 0, 0, 0, 0, 0, 1, 1, 1, 1]/nclient 0: gg
field client 0:
0 0 0 0 0 0 0 0 0 1
1 0 0 0 0 0 0 0 0 1
0 0 0 1 1 1 0 0 0 0
0 0 0 0 0 0 0 0 0 0
1 0 1 0 0 0 0 0 0 0
0 0 1 0 0 0 1 1 1 0
1 0 1 0 0 0 0 0 0 0
0 0 1 0 0 1 0 0 0 0
0 0 0 0 0 0 0 0 0 0
0 0 0 0 1 1 0 1 1 0
client 1: gg
field client 1:
0 1 0 0 0 0 1 0 1 0/n0 1 0 1 0 0 0 0 1 0/n0 1 0 0 0 0 0 0 0 0/n0 0 0 0 0 0 0 0 0 0/n1 0 0 0 0 0 0 1 0 0/n0 0 0 0 0 0 0 1 0 0/n0 0 0 1 0 0 0 0 0 0/n0 1 0 1 0 1 0 0 0 0/n0 1 0 0 0 0 0 0 0 0/n0 1 0 0 0 0 1 1 1 1/ngg   :   gg
gg   disconnect
client 0: gg
field client 0:
0 0 0 0 0 1 0 0 0 0
1 1 0 0 0 1 0 0 0 1
0 0 0 0 0 1 0 0 0 0
0 0 0 0 0 0 0 0 0 0
0 0 0 1 0 0 0 1 0 0
0 0 0 1 0 0 0 1 0 1
0 1 0 1 0 0 0 0 0 1
0 0 0 0 0 0 0 1 0 1
0 0 0 1 0 0 0 0 0 1
0 0 0 0 0 0 1 1 0 0
client 1: gg
field client 1:
0 0 1 0 0 1 1 0 1 0/n0 0 0 0 0 0 0 0 0 0/n0 1 0 1 1 0 0 0 1 0/n0 0 0 0 0 0 0 0 0 0/n0 0 1 1 1 1 0 0 0 1/n0 0 0 0 0 0 0 0 0 1/n1 0 0 0 0 0 0 0 0 0/n1 0 0 0 1 1 1 0 0 0/n1 0 0 0 0 0 0 0 0 0/n0 0 0 0 0 0 0 0 0 0/ngg   :   gg
gg   win
client 0: gg
field client 0:
0 0 0 1 0 0 1 0 0 0
0 0 0 0 0 0 1 0 0 0
0 1 1 1 0 0 1 0 0 0
0 0 0 0 0 0 0 0 0 0
0 0 0 0 0 0 1 0 0 0
1 0 1 0 0 0 1 0 0 1
0 0 1 0 0 0 0 0 0 1
1 0 0 0 0 0 0 1 0 0
0 0 0 0 0 0 0 0 0 0
0 1 1 1 1 0 0 0 0 0
client 1: gg
field client 1:
0 0 0 0 0 0 0 0 0 1
0 0 0 0 0 0 0 1 0 0
1 0 0 0 0 0 0 1 0 0
0 0 1 1 0 0 0 1 0 0
0 0 0 0 0 0 0 1 0 0
0 1 0 0 0 0 0 0 0 0
0 0 0 0 0 0 0 0 1 1
0 0 0 1 0 1 0 0 0 0
0 0 0 1 0 1 0 1 1 0
0 1 0 1 0 1 0 0 0 0
gg   :   gg
gg   win
client 0: gg
field client 0:
0 0 0 0 0 0 0 0 0 0
0 0 0 0 0 0 1 0 0 0
0 0 1 0 0 0 1 0 1 0
0 0 1 0 1 0 0 0 1 0
1 0 1 0 0 0 1 0 0 0
1 0 0 0 0 0 0 0 0 1
1 0 0 0 1 0 0 1 0 0
1 0 0 0 1 0 0 1 0 0
0 0 0 0 0 0 0 1 0 1
0 0 0 0 0 0 0 0 0 0
client 1: gg
field client 1:
0 0 0 1 0 0 0 0 0 0
0 0 0 0 0 1 1 0 0 0
0 0 0 0 0 0 0 0 0 0
0 0 0 0 0 0 1 0 1 0
0 0 1 1 1 0 1 0 1 0
0 0 0 0 0 0 1 0 0 0
0 0 0 1 0 0 1 0 0 1
0 0 0 0 0 0 0 0 0 0
0 0 0 0 1 0 0 0 1 1
1 1 1 0 0 0 0 0 0 0
client 0: gg
gg   :   
gg   disconnect
client 0: gg
field client 0:
0 0 0 0 0 1 0 1 0 0
1 0 1 0 0 0 0 1 0 1
1 0 1 0 0 0 0 0 0 0
0 0 1 0 0 0 1 0 0 0
1 0 1 0 0 0 1 0 1 0
0 0 0 0 0 0 0 0 1 0
0 0 0 0 0 1 0 0 1 0
0 0 0 0 0 1 0 0 0 0
0 0 0 0 0 1 0 0 0 0
0 1 0 0 0 0 0 0 0 0
client 1: gg
field client 1:
1 1 0 0 0 0 0 0 0 0
0 0 0 0 0 0 0 0 0 0
0 1 0 0 1 0 0 0 0 1
0 0 0 0 0 0 0 0 0 0
0 0 0 0 0 1 1 1 1 0
0 1 0 0 0 0 0 0 0 0
0 1 0 0 1 0 0 0 0 1
0 1 0 0 1 0 0 0 0 0
0 0 0 0 0 0 0 0 0 0
0 1 1 0 1 1 1 0 0 0
gg   :   gg
gg   win
client 0: gg
field client 0:
0 0 0 0 0 0 1 0 0 0
0 0 1 1 1 0 0 0 0 0
0 0 0 0 0 0 0 0 0 0
0 0 1 0 1 1 0 0 1 1
0 0 1 0 0 0 0 0 0 0
0 0 1 0 0 0 0 0 0 0
1 0 1 0 0 0 0 0 0 0
0 0 0 0 0 0 1 0 0 0
0 0 0 1 0 0 0 0 0 0
1 0 0 1 0 0 1 1 1 0
client 1: hh
field client 1:
0 0 0 0 0 0 0 0 0 1
0 0 0 1 0 0 0 0 0 1
0 0 0 0 0 0 0 1 0 1
0 0 0 0 0 0 0 0 0 1
0 0 0 0 1 1 0 0 0 0
1 0 0 0 0 0 0 0 0 0
0 0 0 0 1 1 0 1 1 1
0 0 0 0 0 0 0 0 0 0
0 0 1 0 1 0 0 1 1 1
0 0 0 0 1 0 0 0 0 0
gg   :   hh
gg   disconnect
client 0: gg
field client 0:
0 0 0 0 0 0 0 0 0 0
1 0 1 1 0 0 0 1 0 0
1 0 0 0 0 1 0 0 0 0
0 0 0 0 0 1 0 1 0 0
1 1 1 0 0 0 0 0 0 1
0 0 0 0 0 0 1 0 0 0
0 0 0 1 0 0 1 0 0 0
0 0 0 1 0 0 1 0 0 0
0 0 0 1 0 0 0 0 0 0
0 0 0 1 0 1 0 0 0 0
client 1: hh
field client 1:
0 0 0 1 0 0 0 0 0 0
0 0 0 0 0 0 0 0 0 0
0 1 0 1 0 1 0 0 0 0
0 1 0 1 0 1 0 1 0 0
0 1 0 1 0 0 0 1 0 0
0 0 0 1 0 0 0 0 0 0
0 0 0 0 0 1 0 0 0 0
0 0 0 0 0 0 0 0 0 0
1 1 1 0 0 0 1 0 1 1
0 0 0 0 1 0 0 0 0 0
client 0: gg
field client 0:
0 0 0 0 1 0 0 0 1 0
0 0 1 0 0 0 0 0 0 0
0 0 1 0 0 0 1 0 0 0
0 0 1 0 0 0 0 0 0 1
1 0 0 0 0 0 0 1 0 1
0 0 0 0 1 0 0 1 0 0
1 1 1 0 1 0 0 0 0 0
0 0 0 0 0 0 0 0 0 0
0 0 0 0 0 0 0 0 0 0
0 0 0 0 0 1 1 1 1 0
client 1: hh
field client 1:
0 1 1 1 0 0 1 1 0 0
0 0 0 0 0 0 0 0 0 0
0 0 0 0 0 0 0 1 1 1
1 0 0 0 0 0 0 0 0 0
0 0 0 0 0 0 0 0 1 0
0 0 0 0 0 1 1 0 0 0
0 1 0 0 0 0 0 0 1 0
0 1 0 1 1 1 1 0 0 0
0 0 0 0 0 0 0 0 0 0
0 0 0 0 0 0 0 0 0 1
gg   :   hh
gg   disconnect
client 0: hh
field client 0:
0 0 1 1 1 0 0 0 0 0
0 0 0 0 0 0 0 0 0 1
0 0 0 1 0 0 1 1 0 0
0 0 0 0 0 0 0 0 0 0
0 0 1 0 1 1 1 1 0 0
0 0 1 0 0 0 0 0 0 0
0 0 0 0 0 0 0 0 0 0
0 0 1 0 0 1 1 1 0 0
0 0 0 0 0 0 0 0 0 0
0 1 1 0 0 0 1 0 0 0
client 1: hh
field client 1:
0 0 0 0 0 1 0 0 0 0
1 0 0 0 0 1 0 1 1 1
0 0 0 1 0 1 0 0 0 0
0 1 0 1 0 1 0 0 0 0
0 0 0 0 0 0 0 0 0 0
0 0 0 0 0 0 0 0 0 0
1 1 1 0 0 0 0 0 0 0
0 0 0 0 0 0 1 1 0 0
0 0 0 1 0 0 0 0 0 1
1 1 0 0 0 0 0 0 0 0
client 0: hh
field client 0:
1 0 0 0 1 1 1 0 0 1
0 0 0 0 0 0 0 0 0 0
0 0 0 0 0 0 0 0 0 0
0 0 0 0 0 0 0 0 0 0
1 0 0 0 0 0 0 1 1 1
1 0 1 1 1 1 0 0 0 0
0 0 0 0 0 0 0 0 0 0
1 0 1 0 0 0 0 0 0 0
1 0 0 0 0 1 1 0 0 1
0 0 0 0 0 0 0 0 0 0
client 1: hh
field client 1:
0 0 1 0 0 0 1 0 0 0
0 0 0 0 0 0 0 0 0 0
1 1 0 0 1 0 1 0 0 0
0 0 0 0 1 0 1 0 0 0
1 0 0 0 1 0 0 0 0 0
0 0 0 0 0 0 0 0 0 0
0 0 0 0 0 0 0 0 1 0
0 0 0 0 0 0 1 0 1 0
1 1 0 0 1 0 1 0 1 0
0 0 0 0 0 0 1 0 1 0
client 0: hh
field client 0:
0 1 1 0 0 0 0 0 0 0
0 0 0 0 0 0 0 0 0 0
0 0 1 1 1 0 0 1 0 0
1 0 0 0 0 0 0 0 0 0
0 0 0 0 0 1 0 0 0 0
0 0 0 0 0 0 0 0 0 1
0 0 1 0 1 0 1 0 0 1
0 0 1 0 0 0 1 0 0 0
0 0 1 0 0 0 0 0 0 0
0 0 0 0 1 1 1 1 0 0
client 1: hh
field client 1:
0 0 0 0 0 0 0 0 0 1
0 0 0 0 0 0 0 0 0 1
1 1 1 0 1 1 1 1 0 1
0 0 0 0 0 0 0 0 0 0
0 0 0 0 0 0 0 0 0 0
0 0 0 0 0 0 1 0 0 1
1 0 0 0 0 0 0 0 0 0
1 0 0 1 0 0 0 0 0 0
0 0 0 1 0 0 0 0 0 0
1 0 0 0 0 1 0 0 1 1
client 0: hh
field client 0:
0 0 0 0 0 1 0 0 0 0
1 1 0 0 0 1 0 1 1 1
0 0 0 0 0 0 0 0 0 0
0 1 1 1 0 0 0 0 0 0
0 0 0 0 0 0 0 0 0 0
0 0 0 0 0 0 1 1 1 1
1 0 0 0 0 0 0 0 0 0
0 0 0 0 0 1 0 0 0 0
1 0 0 0 0 0 0 0 0 0
0 0 0 0 1 1 0 1 0 0
client 1: hh
field client 1:
1 1 1 1 0 0 0 0 0 0
0 0 0 0 0 0 1 1 1 0
0 0 0 0 0 0 0 0 0 0
0 0 0 0 0 0 0 0 0 0
0 0 0 0 1 0 0 0 0 0
0 0 0 0 0 0 1 1 0 0
0 1 1 1 0 0 0 0 0 0
0 0 0 0 0 0 1 1 0 0
0 0 1 0 0 0 0 0 0 0
1 0 1 0 1 0 0 1 0 0
hh   :   hh
hh   win
client 0: hh
field client 0:
0 0 0 1 0 0 0 0 0 0
0 1 0 1 0 0 1 0 0 0
0 1 0 1 0 0 0 0 0 0
0 0 0 0 0 0 1 0 1 0
0 1 0 0 0 0 0 0 1 0
0 1 0 0 0 0 0 0 0 0
0 1 0 1 0 0 0 1 1 1
0 1 0 0 0 0 0 0 0 0
0 0 0 0 0 0 0 0 0 1
1 1 0 0 0 0 0 0 0 0
client 1: hh
field client 1:
0 1 0 0 0 0 0 0 0 0
0 0 0 1 0 0 0 0 0 0
0 1 0 0 0 0 0 1 0 0
0 1 0 0 1 1 0 1 0 0
0 1 0 0 0 0 0 1 0 0
0 0 0 0 1 0 0 0 0 0
0 0 1 0 1 0 1 1 1 1
1 0 0 0 0 0 0 0 0 0
1 0 0 0 0 0 0 1 0 0
0 0 0 0 0 0 0 0 0 0
hh   :   hh
hh   win
client 0: hh
field client 0:
0 1 0 0 0 1 1 1 0 0
0 1 0 0 0 0 0 0 0 1
0 0 0 0 0 0 0 0 0 0
0 0 0 1 0 0 1 0 0 1
0 0 0 1 0 0 1 0 0 1
0 0 0 0 0 0 1 0 0 0
0 1 0 0 0 0 0 0 0 1
0 0 0 0 0 0 0 0 0 0
1 0 0 0 0 0 0 0 0 0
0 0 0 0 0 0 1 1 1 1
client 1: hh
field client 1:
0 0 1 0 0 0 1 0 0 0
0 0 0 0 0 0 0 0 0 0
1 0 0 1 1 0 0 0 0 1
0 0 0 0 0 0 0 0 0 1
0 0 0 0 1 0 0 0 0 0
0 0 1 0 1 0 0 1 0 1
0 0 1 0 1 0 0 1 0 0
0 0 1 0 0 0 0 1 0 0
0 0 0 0 0 0 0 1 0 0
0 0 1 1 0 0 0 0 0 0
hh   :   hh
hh   win
client 0: hh
field client 0:
0 0 0 0 0 0 1 0 0 0
0 0 0 1 1 0 1 0 0 0
0 0 0 0 0 0 1 0 0 0
0 0 0 0 0 0 0 0 1 0
0 0 0 0 0 1 0 0 0 0
0 0 1 0 0 1 0 0 0 0
1 0 0 0 0 1 0 1 0 0
0 0 0 1 0 1 0 0 0 0
0 0 0 1 0 0 0 0 0 0
1 1 0 1 0 0 0 1 1 0
client 1: hh
field client 1:
0 0 0 0 1 0 0 0 0 0
0 0 1 0 1 0 1 1 0 0
0 0 1 0 1 0 0 0 0 0
0 0 0 0 0 0 0 0 0 0
0 0 0 0 0 0 0 1 0 1
1 0 0 0 0 1 0 1 0 0
0 0 0 0 0 0 0 1 0 0
1 1 1 0 0 1 0 1 0 0
0 0 0 0 0 0 0 0 0 0
0 0 0 1 1 0 0 0 0 0
hh   :   hh
hh   win
client 0: hh
field client 0:
1 0 0 1 0 0 0 0 1 0
0 0 0 0 0 0 0 0 1 0
1 0 0 1 0 0 0 0 1 0
1 0 0 0 0 1 0 0 0 0
0 0 0 0 0 1 0 1 1 0
0 0 0 0 0 1 0 0 0 0
1 1 1 0 0 1 0 0 0 0
0 0 0 0 0 0 0 0 0 0
0 0 0 0 0 0 1 0 0 0
0 0 0 0 1 0 1 0 0 0
client 1: hh
field client 1:
0 0 0 0 0 1 0 0 0 0
0 1 0 0 0 0 0 0 0 0
0 0 0 0 0 1 1 0 0 0
0 0 0 0 0 0 0 0 0 0
0 0 0 0 0 0 0 1 0 0
1 0 0 0 1 0 0 1 0 1
0 0 0 0 0 0 0 1 0 1
1 0 0 0 0 0 0 1 0 1
1 0 0 0 1 1 0 0 0 0
1 0 0 0 0 0 0 0 1 1
hh   :   hh
hh   win
client 0: hh
field client 0:
0 0 0 0 0 1 0 0 0 0
0 0 1 0 0 0 0 0 0 0
0 0 1 0 1 0 0 0 1 0
0 0 1 0 1 0 0 0 1 0
0 0 0 0 0 0 0 0 0 0
1 0 1 1 0 0 0 0 0 1
0 0 0 0 0 0 0 0 0 0
0 0 0 0 0 1 1 1 0 0
1 0 0 0 0 0 0 0 0 0
0 0 0 0 0 1 1 1 1 0
client 1: hh
field client 1:
1 0 0 0 0 0 0 1 1 0
0 0 0 0 0 0 0 0 0 0
0 0 0 0 0 0 0 0 1 0
0 0 1 0 0 0 0 0 0 0
0 0 1 0 1 1 0 1 0 1
0 0 0 0 0 0 0 1 0 0
0 1 0 0 0 0 0 1 0 0
0 1 0 1 1 1 0 0 0 0
0 1 0 0 0 0 0 0 0 1
0 1 0 0 0 0 0 0 0 0
hh   :   hh
hh   win
client 0: hh
field client 0:
0 0 0 0 0 0 1 1 1 0
0 0 0 1 0 0 0 0 0 0
0 0 0 0 0 1 0 0 0 0
1 1 0 0 0 1 0 0 1 0
0 0 0 0 0 1 0 0 0 0
0 0 0 0 0 1 0 1 0 0
0 0 0 0 0 0 0 1 0 0
1 1 0 1 0 0 0 1 0 0
0 0 0 0 0 0 0 0 0 0
1 1 0 0 1 0 0 0 0 0
client 1: hh
field client 1:
0 0 0 0 0 0 0 1 1 0
0 0 0 0 0 0 0 0 0 0
0 0 0 0 0 1 1 1 0 0
1 0 0 1 0 0 0 0 0 0
0 0 0 0 0 0 0 1 0 1
0 0 0 0 0 0 0 0 0 1
0 0 0 1 1 1 1 0 0 0
1 1 0 0 0 0 0 0 0 0
0 0 0 0 1 1 1 0 0 0
0 0 0 0 0 0 0 0 0 1
hh   :   hh
hh   win
client 0: hh
field client 0:
0 1 1 1 0 0 0 0 0 1
0 0 0 0 0 0 0 1 0 1
0 0 0 1 0 0 0 0 0 0
0 0 0 0 0 0 0 0 0 0
1 1 1 1 0 0 0 0 0 1
0 0 0 0 0 0 0 0 0 0
0 0 0 0 0 0 0 0 0 0
0 1 0 1 0 1 1 0 0 0
0 1 0 0 0 0 0 0 0 0
0 0 0 0 0 0 0 1 1 1
client 1: hh
field client 1:
0 1 0 1 0 1 0 0 0 0
0 0 0 0 0 0 0 0 0 1
0 0 0 0 0 1 1 1 0 1
0 0 0 0 0 0 0 0 0 0
0 0 0 0 0 0 0 0 0 0
0 0 0 0 0 1 1 1 1 0
0 0 0 0 0 0 0 0 0 0
0 1 1 0 0 0 1 0 0 0
0 0 0 0 0 0 1 0 1 0
0 1 1 0 0 0 1 0 0 0
hh   :   hh
hh   win
client 0: hh
field client 0:
1 0 0 0 0 0 0 0 0 0
1 0 0 0 1 0 0 0 0 1
1 0 1 0 0 0 0 0 0 1
1 0 1 0 0 0 1 1 0 0
0 0 0 0 1 0 0 0 0 0
0 0 0 0 0 0 0 0 0 0
1 0 0 0 0 0 0 0 0 0
0 0 0 1 0 0 0 1 1 1
0 0 0 0 0 0 0 0 0 0
0 1 1 1 0 0 0 0 0 0
client 1: hh
field client 1:
1 0 0 0 1 1 1 1 0 0
1 0 0 0 0 0 0 0 0 0
0 0 0 0 0 0 0 0 0 0
1 0 0 1 0 1 0 0 0 0
0 0 0 0 0 1 0 0 0 0
0 0 0 0 0 0 0 0 0 1
1 0 0 0 0 0 0 0 0 1
0 0 0 0 0 0 1 1 0 1
1 1 1 0 1 0 0 0 0 0
0 0 0 0 0 0 0 0 0 0
client 0: hh
field client 0:
0 0 1 1 0 0 0 0 0 0
0 0 0 0 0 0 0 0 1 1
0 0 1 1 1 0 0 0 0 0
1 0 0 0 0 0 0 0 0 0
0 0 0 0 0 0 0 0 0 1
0 0 0 1 0 0 1 1 0 0
0 0 0 0 0 0 0 0 0 0
0 1 1 1 0 0 0 0 0 0
0 0 0 0 0 0 0 0 0 0
0 1 1 1 1 0 1 0 0 0
client 1: hh
field client 1:
0 0 1 1 0 0 1 0 0 0
1 0 0 0 0 0 1 0 0 0
1 0 0 0 1 0 1 0 0 1
1 0 0 0 0 0 0 0 0 0
1 0 0 1 0 0 0 0 1 0
0 0 0 0 0 0 0 0 1 0
0 0 0 0 0 0 0 0 1 0
0 0 0 0 1 1 0 0 0 0
0 0 0 0 0 0 0 0 1 1
0 0 0 1 0 0 0 0 0 0
hh   :   hh
hh   win
client 0: hh
field client 0:
0 0 0 0 0 0 0 0 0 0
1 0 1 0 0 0 1 0 0 0
0 0 0 0 0 0 1 0 0 1
1 1 1 1 0 0 0 0 0 0
0 0 0 0 0 1 1 0 1 0
1 1 0 0 0 0 0 0 0 0
0 0 0 0 0 0 0 0 0 0
1 1 1 0 1 1 1 0 0 0
0 0 0 0 0 0 0 0 0 0
0 0 0 0 0 0 0 0 0 0
client 1: hh
field client 1:
0 1 0 0 0 1 0 0 0 0
0 1 0 1 0 0 0 1 0 0
0 0 0 0 0 1 0 0 0 0
0 0 0 0 0 1 0 0 0 0
0 0 0 0 0 1 0 1 0 0
1 0 0 0 0 0 0 1 0 0
0 0 1 1 1 0 0 1 0 0
0 0 0 0 0 0 0 1 0 0
1 1 0 0 0 0 0 0 0 1
0 0 0 0 0 0 0 0 0 1
hh   :   hh
hh   win
client 0: hh
field client 0: 
0 0 0 1 0 0 0 0 0 1
0 0 0 0 0 0 0 0 0 1
0 0 1 1 0 0 0 0 0 0
0 0 0 0 0 0 0 1 0 0
1 1 1 0 0 0 0 0 0 0
0 0 0 0 0 1 0 0 0 0
1 0 0 0 0 1 0 0 0 1
0 0 0 0 0 1 0 0 0 1
1 1 1 0 0 1 0 0 0 0
0 0 0 0 0 0 0 0 0 1
client 1: hh
field client 1: 
0 0 0 1 0 1 0 0 1 0
0 1 0 0 0 1 0 0 0 0
0 1 0 0 0 1 0 0 1 0
0 0 0 0 0 0 0 0 1 0
0 0 0 1 0 0 0 0 1 0
0 0 0 1 0 0 0 0 1 0
0 0 0 1 0 0 0 0 0 0
0 0 0 0 0 0 0 0 1 1
0 0 0 0 0 0 0 0 0 0
0 0 0 1 0 1 0 0 1 1
hh   :   hh
hh   win
client 0: hh
field client 0: 
1 0 0 0 0 0 1 0 0 0
1 0 1 0 0 0 0 0 0 0
1 0 1 0 0 1 0 0 0 0
1 0 1 0 0 0 0 0 0 0
0 0 0 0 0 0 0 1 0 0
0 0 0 1 1 0 0 1 0 1
0 0 0 0 0 0 0 0 0 1
0 1 0 0 0 0 1 0 0 0
0 0 0 0 0 0 1 0 0 0
0 0 0 0 0 0 1 0 0 1
client 1: hh
field client 1: 
0 0 0 0 0 0 0 0 0 1
0 0 0 1 1 1 1 0 0 1
0 0 0 0 0 0 0 0 0 1
0 0 0 0 0 1 0 0 0 0
0 0 0 0 0 1 0 0 1 1
0 0 0 0 0 0 0 0 0 0
1 0 1 0 0 0 0 0 0 1
0 0 1 0 0 0 0 0 0 0
0 0 1 0 0 1 0 1 0 0
1 0 0 0 0 1 0 0 0 0

hh   :   hh
hh   win
client 0: hh
field client 0: 
0 0 0 0 0 0 0 0 1 0
0 0 1 0 0 0 0 0 0 0
0 0 1 0 0 0 0 0 0 1
1 0 0 0 0 1 1 1 0 0
0 0 0 0 0 0 0 0 0 1
1 1 1 0 0 0 0 0 0 1
0 0 0 0 0 0 0 0 0 1
0 0 1 1 0 1 1 0 0 1
0 0 0 0 0 0 0 0 0 0
0 0 0 0 1 0 0 0 0 0
client 1: hh
field client 1: 
0 0 0 1 1 1 0 1 1 0
0 1 0 0 0 0 0 0 0 0
0 1 0 0 0 0 0 1 0 0
0 1 0 0 0 0 0 0 0 1
0 1 0 0 0 0 0 0 0 0
0 0 0 0 0 1 1 0 0 0
0 0 0 0 0 0 0 0 0 1
0 0 0 1 1 0 0 0 0 0
0 0 0 0 0 0 0 0 0 0
0 0 0 0 1 1 1 0 0 1

hh   :   hh
hh   win
connected: ('127.0.0.1', 58066)
connected: ('127.0.0.1', 58067)
2
client 0: hh
field client 0: 
1 0 0 0 0 0 0 0 0 1
0 0 0 0 1 0 0 1 0 1
0 0 0 0 0 0 0 1 0 1
0 0 1 0 0 0 0 0 0 0
1 0 1 0 0 0 0 0 0 0
1 0 1 0 0 0 0 0 0 0
0 0 0 0 0 0 1 0 0 0
0 1 0 0 0 0 1 0 1 0
0 0 0 1 1 0 1 0 0 0
0 0 0 0 0 0 1 0 0 0
client 1: hh
field client 1: 
0 0 0 1 0 0 0 0 0 0
0 0 0 1 0 0 0 0 0 0
0 0 0 1 0 1 0 0 1 0
0 0 0 1 0 0 0 0 1 0
0 0 0 0 0 0 1 0 0 0
1 1 0 0 0 0 1 0 0 0
0 0 0 1 0 0 1 0 0 0
0 0 0 0 0 0 0 0 0 0
1 1 1 0 0 0 1 0 0 0
0 0 0 0 1 0 1 0 1 0

hh   :   hh
hh   win
connected: ('127.0.0.1', 58070)
connected: ('127.0.0.1', 58071)
2
client 0: hh
field client 0: 
0 1 1 0 0 1 0 0 1 0
0 0 0 0 0 1 0 0 0 0
0 1 0 0 0 1 0 0 0 0
0 0 0 0 0 1 0 0 0 0
0 1 1 1 0 0 0 0 0 1
0 0 0 0 0 0 0 1 0 1
0 0 0 0 0 0 0 1 0 0
0 0 0 0 1 0 0 1 0 0
0 0 0 0 1 0 0 0 0 0
0 0 0 0 0 0 1 0 1 0
client 1: hh
field client 1: 
0 0 0 0 0 0 0 1 0 1
0 0 1 0 0 0 0 0 0 1
0 0 1 0 1 0 0 0 0 0
0 0 0 0 0 0 1 0 0 0
0 0 1 1 1 0 0 0 1 0
0 0 0 0 0 0 0 0 1 0
0 0 1 0 0 0 0 0 0 0
0 0 0 0 0 0 1 1 1 1
0 0 0 0 0 0 0 0 0 0
0 0 0 0 1 1 1 0 0 0
hh  :  hh
hh  win

client 0: hh
field client 0: 
0 1 0 0 0 1 1 1 1 0
0 0 0 0 0 0 0 0 0 0
0 0 0 0 1 0 0 0 0 1
0 0 0 0 0 0 0 0 0 1
0 0 0 0 0 0 0 1 0 1
0 0 0 0 0 1 0 0 0 0
0 0 0 1 0 0 0 0 0 0
1 0 0 1 0 0 0 0 0 0
1 0 0 1 0 1 0 0 0 0
0 0 0 0 0 1 0 0 1 1
client 1: hh
field client 1: 
0 0 0 0 1 0 0 0 0 0
0 0 0 0 0 0 0 0 0 1
0 0 1 0 0 0 0 0 0 1
0 0 0 0 1 1 1 0 0 0
0 0 0 0 0 0 0 0 1 0
0 0 0 1 0 0 0 0 1 0
0 0 0 0 0 0 0 0 1 0
0 1 1 0 1 0 1 0 1 0
0 0 0 0 1 0 0 0 0 0
0 0 0 0 1 0 0 0 1 1
hh  :  hh
hh  win

client 2: hh
field client 2: 
1 0 0 0 1 0 0 0 0 0
1 0 1 0 1 0 1 0 0 0
0 0 0 0 0 0 1 0 0 0
1 1 1 1 0 0 0 0 0 1
0 0 0 0 0 1 0 0 0 1
0 0 0 0 0 0 0 0 0 1
0 0 0 0 0 0 0 1 0 0
0 0 0 0 0 0 0 1 0 0
1 0 0 1 0 0 0 1 0 0
0 0 0 0 0 0 0 0 0 0
client 3: hh
field client 3: 
0 0 0 0 0 0 1 1 0 0
0 0 0 0 1 0 0 0 0 0
0 0 0 0 1 0 0 0 0 0
1 0 0 0 0 0 1 0 0 0
0 0 0 0 0 0 0 0 0 0
0 0 0 0 0 0 1 0 0 1
0 0 1 1 1 0 1 0 0 1
0 0 0 0 0 0 1 0 0 1
1 0 1 1 0 0 0 0 0 1
0 0 0 0 0 0 0 1 0 0
hh  :  hh
hh  win

client 4: hh
field client 4: 
0 0 0 0 1 0 0 0 0 0
1 1 1 0 0 0 0 0 0 0
0 0 0 0 1 0 1 0 0 0
0 0 1 0 1 0 0 0 0 0
0 0 0 0 0 0 0 0 0 0
0 1 1 1 1 0 0 1 0 0
0 0 0 0 0 0 0 1 0 0
0 0 0 0 0 0 0 1 0 0
1 0 0 0 0 0 0 0 0 0
1 0 0 1 0 0 1 1 0 0
client 5: hh
field client 5: 
0 1 0 0 0 0 0 0 0 0
0 0 0 0 0 0 0 1 0 1
0 0 0 1 1 1 0 0 0 1
0 1 0 0 0 0 0 0 0 1
0 0 0 1 1 0 0 0 0 1
1 1 0 0 0 0 0 0 0 0
0 0 0 0 0 0 0 0 0 0
0 0 0 0 0 0 0 0 0 0
0 1 1 1 0 0 0 1 0 0
0 0 0 0 0 1 0 1 0 0
hh  :  hh
hh  win

client 0: hh
field client 0: 
0 0 0 0 0 0 0 0 1 1
0 0 0 0 0 0 0 0 0 0
0 0 1 1 1 0 0 0 0 1
0 0 0 0 0 0 0 0 0 1
0 0 1 0 0 0 0 0 0 0
0 0 0 0 1 0 1 0 0 0
0 0 0 0 0 0 0 0 1 1
0 1 1 1 1 0 0 0 0 0
0 0 0 0 0 0 0 0 0 0
0 1 1 1 0 0 0 0 1 0
client 1: hh
field client 1: 
0 0 1 0 0 0 0 0 0 1
0 0 1 0 0 0 1 0 0 1
1 0 0 0 0 0 1 0 0 1
1 0 0 1 0 0 1 0 0 0
0 0 0 0 0 0 1 0 0 0
1 0 0 0 0 0 0 0 0 0
0 0 0 0 0 1 1 0 0 0
1 0 1 0 0 0 0 0 0 0
0 0 0 0 0 0 0 0 0 0
0 0 0 0 1 1 1 0 0 0
hh  :  hh
hh  win

client 2: hh
field client 2: 
0 0 0 0 0 0 0 0 0 0
1 0 0 0 0 1 1 1 0 0
0 0 0 0 0 0 0 0 0 0
0 1 0 0 0 0 0 1 0 0
0 1 0 1 0 1 0 0 0 0
0 0 0 1 0 1 0 0 0 0
1 1 0 1 0 1 0 0 0 1
0 0 0 0 0 1 0 0 0 0
0 0 0 0 0 0 0 0 0 0
1 1 0 1 0 0 0 0 0 0
client 3: hh
field client 3: 
0 0 0 1 0 0 0 1 0 0
0 0 0 1 0 0 0 0 0 0
0 0 0 1 0 0 0 0 0 0
1 0 0 1 0 0 0 0 1 0
1 0 0 0 0 0 0 0 0 0
0 0 0 0 1 0 1 1 1 0
0 0 0 0 1 0 0 0 0 0
0 0 0 0 1 0 0 0 1 0
0 0 0 0 0 0 1 0 1 0
0 0 1 0 1 0 1 0 0 0
hh  :  hh
hh  win

client 4: hh
field client 4: 
0 0 0 0 0 0 1 0 0 0
1 1 1 1 0 0 0 0 0 0
0 0 0 0 0 0 0 1 0 0
0 0 1 1 0 1 0 0 0 0
0 0 0 0 0 1 0 0 0 0
0 0 0 0 0 1 0 1 0 0
0 0 0 0 0 0 0 0 0 0
0 0 0 1 0 0 0 1 0 0
0 0 0 1 0 0 0 1 0 1
1 0 0 1 0 0 0 0 0 1
client 5: hh
field client 5: 
1 1 0 0 0 0 1 0 0 0
0 0 0 0 0 0 0 0 1 1
1 1 1 1 0 0 0 0 0 0
0 0 0 0 0 1 1 1 0 0
0 0 0 0 0 0 0 0 0 0
0 0 0 0 0 0 0 0 0 0
0 0 0 0 1 0 0 1 0 0
1 1 1 0 1 0 0 0 0 1
0 0 0 0 0 0 0 0 0 0
0 0 1 0 0 0 0 0 0 0
hh  :  hh
hh  win

client 6: hh
field client 6: 
0 0 0 0 0 0 0 1 0 1
0 1 0 0 1 0 0 0 0 1
0 0 0 0 1 0 0 0 0 0
1 0 0 0 1 0 0 0 0 0
1 0 0 0 1 0 0 0 0 0
1 0 0 0 0 0 0 0 1 1
0 0 0 0 0 0 0 0 0 0
0 0 0 0 0 1 0 0 0 1
0 0 0 0 0 0 0 0 0 0
1 1 1 0 0 0 1 1 0 0
client 7: hh
field client 7: 
0 0 1 0 0 0 0 0 0 0
0 0 0 0 0 0 1 1 1 1
0 0 0 0 0 0 0 0 0 0
0 0 0 0 0 0 0 0 0 1
0 0 0 1 0 0 0 0 0 0
0 0 0 1 0 1 0 1 0 0
0 0 0 0 0 1 0 1 0 0
0 0 0 0 0 0 0 1 0 1
1 0 1 1 0 0 0 0 0 0
0 0 0 0 0 0 1 1 1 0
hh  :  hh
hh  win

client 8: hh
field client 8: 
0 0 0 0 0 0 0 0 0 0
0 0 0 0 1 0 0 1 0 0
1 1 0 0 0 0 0 0 0 0
0 0 0 0 0 0 0 1 0 0
0 0 0 0 0 0 0 1 0 1
1 1 0 0 0 0 0 0 0 1
0 0 0 0 0 1 1 1 0 1
0 0 0 1 0 0 0 0 0 0
0 0 0 0 0 0 0 0 1 0
0 0 0 1 1 1 1 0 0 0
client 9: hh
field client 9: 
0 0 0 0 0 0 0 0 0 0
1 0 0 0 0 0 0 1 0 1
1 0 0 0 0 0 0 1 0 0
1 0 0 0 1 0 0 0 0 0
0 0 0 0 0 0 0 0 0 0
1 1 0 0 0 0 1 1 1 1
0 0 0 1 1 0 0 0 0 0
1 0 0 0 0 0 0 0 0 0
0 0 0 0 0 0 0 0 0 0
0 1 1 1 0 1 0 0 0 0
hh  :  hh
hh  win

client 10: hh
field client 10: 
0 0 0 1 0 0 0 0 0 1
0 0 0 1 0 0 0 0 0 1
0 0 0 0 0 0 0 1 0 1
0 0 1 0 0 0 0 0 0 1
0 0 1 0 0 1 1 0 0 0
0 0 1 0 0 0 0 0 1 0
0 0 0 0 0 1 0 0 0 0
0 0 0 0 0 0 0 0 0 0
0 0 0 0 0 0 0 0 0 0
0 1 0 1 1 0 1 1 1 0
client 11: hh
field client 11: 
0 0 0 1 0 0 0 1 0 0
0 0 0 0 0 1 0 1 0 0
0 0 0 0 0 0 0 1 0 0
0 0 0 0 1 0 0 0 0 0
0 0 0 0 0 0 0 0 0 0
1 1 0 1 0 0 1 1 0 0
0 0 0 1 0 0 0 0 0 0
0 0 0 1 0 0 0 0 1 0
1 1 0 1 0 0 0 0 0 0
0 0 0 0 0 0 0 1 1 1
hh  :  hh
hh  win

client 12: hh
field client 12: 
0 0 0 0 0 0 0 1 1 1
1 0 0 0 0 0 0 0 0 0
1 0 0 0 1 1 0 0 0 0
1 0 0 0 0 0 0 0 0 1
0 0 0 1 0 0 0 1 0 1
0 0 0 0 0 0 0 0 0 1
0 0 0 0 0 0 0 0 0 1
1 1 0 1 0 0 0 0 0 0
0 0 0 0 0 0 0 1 1 0
0 1 0 0 0 0 0 0 0 0
client 13: hh
field client 13: 
0 1 0 0 0 1 1 0 0 0
0 1 0 1 0 0 0 0 0 0
0 0 0 0 0 1 1 1 0 0
0 0 0 0 0 0 0 0 0 0
0 1 0 0 0 0 0 0 0 1
0 1 0 0 0 0 0 1 0 0
0 0 0 1 0 0 0 1 0 1
0 0 0 1 0 0 0 1 0 0
0 0 0 1 0 0 0 0 0 0
1 0 0 1 0 0 0 0 0 0
hh  :  hh
hh  win

client 14: hh
field client 14: 
0 0 0 0 0 1 0 0 0 0
0 1 1 0 0 1 0 0 0 0
0 0 0 0 0 0 0 0 0 0
0 1 1 1 1 0 1 1 0 0
0 0 0 0 0 0 0 0 0 0
0 0 1 0 0 0 0 0 1 0
0 0 0 0 0 1 0 0 1 0
1 0 0 0 0 0 0 0 1 0
1 0 0 0 0 0 0 0 0 0
1 0 0 0 0 0 0 1 0 1
client 15: hh
field client 15: 
0 1 1 1 0 1 0 0 0 0
0 0 0 0 0 1 0 0 0 0
0 0 0 0 0 1 0 1 0 0
0 0 1 0 0 0 0 1 0 1
0 0 0 0 0 0 0 1 0 0
0 0 0 1 1 0 0 1 0 0
0 0 0 0 0 0 0 0 0 0
0 0 1 1 0 0 1 0 0 0
0 0 0 0 0 0 0 0 0 0
1 0 0 0 0 0 0 1 1 0
hh  :  hh
hh  win

client 16: hh
field client 16: 
0 0 1 0 0 0 1 0 0 0
0 0 0 0 0 0 0 0 0 1
0 0 0 0 0 0 0 1 0 1
0 1 1 1 1 0 0 0 0 0
0 0 0 0 0 0 0 0 0 1
0 1 1 0 0 0 0 0 0 1
0 0 0 0 0 0 0 0 0 1
1 1 0 1 0 0 0 0 0 0
0 0 0 1 0 0 0 1 0 0
0 0 0 1 0 0 0 0 0 0
client 17: hh
field client 17: 
0 0 0 0 0 0 1 1 0 1
0 0 0 0 0 0 0 0 0 1
1 0 1 1 0 0 0 0 0 1
0 0 0 0 0 0 0 0 0 0
0 1 0 1 0 0 0 0 0 0
0 0 0 0 0 0 1 0 0 0
0 1 0 0 0 0 1 0 0 1
0 0 0 0 1 0 1 0 0 1
0 0 0 0 1 0 1 0 0 0
0 0 0 0 1 0 0 0 0 0
hh  :  hh
hh  win

client 18: hh
field client 18: 
1 0 1 0 0 0 0 1 0 0
0 0 1 0 0 0 0 0 0 0
0 0 0 0 1 1 1 0 0 1
0 1 0 0 0 0 0 0 0 1
0 1 0 0 0 0 1 0 0 1
0 0 0 0 0 0 0 0 0 1
0 0 1 0 0 0 0 0 0 0
0 0 0 0 1 0 0 0 0 0
0 0 0 0 1 0 0 0 1 1
0 0 0 0 1 0 0 0 0 0
client 19: hh
field client 19: 
1 1 1 1 0 0 0 0 0 0
0 0 0 0 0 1 0 0 1 1
0 0 0 0 0 0 0 0 0 0
0 0 0 0 0 1 0 0 0 0
1 0 1 1 0 1 0 0 1 0
0 0 0 0 0 1 0 0 1 0
0 0 0 0 0 0 0 0 1 0
0 0 0 0 0 0 0 0 0 0
0 0 0 0 0 0 1 0 1 1
0 0 0 0 1 0 0 0 0 0
hh  :  hh
hh  win

client 20: hh
field client 20: 
0 1 0 0 1 1 1 0 0 1
0 1 0 0 0 0 0 0 0 1
0 1 0 0 1 0 0 0 0 0
0 0 0 0 1 0 0 0 0 0
0 0 1 0 0 0 1 1 1 1
0 0 1 0 0 0 0 0 0 0
0 0 0 0 0 0 1 0 0 0
0 0 0 0 0 0 0 0 1 0
1 0 0 0 0 0 0 0 0 0
0 0 0 0 0 0 0 1 0 0
client 21: hh
field client 21: 
0 0 0 0 0 0 0 0 0 1
0 0 1 0 0 1 0 0 0 1
0 0 1 0 0 0 0 0 0 0
0 0 1 0 1 1 1 0 0 0
1 0 1 0 0 0 0 0 0 1
0 0 0 0 0 0 0 0 0 0
0 0 0 1 0 0 1 1 0 1
0 0 0 1 0 0 0 0 0 1
0 0 0 0 0 0 0 0 0 1
0 0 0 1 0 0 0 0 0 0
hh  :  hh
hh  win

client 22: hh
field client 22: 
1 0 1 1 0 0 0 0 0 0
1 0 0 0 0 0 0 0 0 0
1 0 1 0 0 0 0 1 1 1
0 0 0 0 0 1 0 0 0 0
0 0 0 0 0 0 0 0 1 0
0 0 0 0 0 1 0 0 1 0
1 0 0 0 0 1 0 0 0 0
1 0 0 0 0 1 0 0 0 0
0 0 0 1 0 1 0 0 0 0
0 0 0 0 0 0 0 1 0 0
client 23: hh
field client 23: 
1 0 1 0 0 0 0 0 0 0
0 0 0 0 1 0 1 1 1 0
0 1 1 0 0 0 0 0 0 0
0 0 0 0 0 0 0 0 0 0
0 0 0 0 1 1 1 0 0 0
0 0 0 0 0 0 0 0 0 0
0 0 0 0 1 0 0 0 0 0
0 0 0 0 0 0 0 1 0 0
0 0 0 0 0 0 0 1 0 1
0 1 1 1 1 0 0 0 0 1
hh  :  hh
hh  win

client 24: hh
field client 24: 
0 0 0 0 0 1 0 1 0 0
0 0 0 0 0 1 0 0 0 0
0 0 0 0 0 1 0 0 0 0
1 1 1 1 0 0 0 0 0 0
0 0 0 0 0 0 1 1 1 0
0 0 0 0 0 0 0 0 0 0
1 0 0 0 1 0 0 0 1 1
0 0 1 0 1 0 0 0 0 0
0 0 1 0 0 0 0 1 0 0
0 0 0 0 1 0 0 0 0 0
client 25: hh
field client 25: 
0 0 0 0 0 0 0 0 1 1
0 0 1 0 1 0 0 0 0 0
0 0 1 0 0 0 0 0 0 0
0 0 0 0 0 1 0 0 0 0
1 0 0 0 0 1 0 0 0 0
1 0 0 0 0 1 0 1 1 0
1 0 0 1 0 0 0 0 0 0
1 0 0 0 0 0 1 0 0 1
0 0 0 0 0 0 0 0 0 1
0 1 0 0 0 0 0 0 0 1
hh  :  hh
hh  win

client 26: hh
field client 26: 
0 0 0 0 1 1 0 0 0 0
1 0 1 0 0 0 0 0 0 0
0 0 0 0 0 0 1 1 1 0
0 0 1 0 0 0 0 0 0 0
0 0 0 0 0 0 0 0 1 0
0 0 0 0 0 0 0 0 0 0
0 0 0 0 1 1 1 0 0 0
1 1 0 0 0 0 0 0 0 1
0 0 0 0 0 0 0 0 0 1
1 1 1 1 0 0 0 0 0 0
client 27: hh
field client 27: 
1 1 0 0 1 0 0 0 0 0
0 0 0 0 1 0 0 0 0 0
1 0 0 0 1 0 1 0 0 0
0 0 0 0 1 0 0 0 0 0
0 0 0 0 0 0 0 0 0 0
0 0 0 0 0 0 0 0 0 0
1 1 1 0 1 1 1 0 1 1
0 0 0 0 0 0 0 0 0 0
0 1 0 0 1 0 0 0 1 0
0 0 0 0 1 0 0 0 0 0
hh  :  hh
hh  win

client 28: hh
field client 28: 
0 1 1 0 0 0 0 0 0 0
0 0 0 0 0 0 0 0 0 0
0 0 0 0 0 0 0 0 1 0
1 0 1 0 0 0 0 0 0 0
0 0 0 0 1 0 1 0 1 1
0 0 0 0 1 0 1 0 0 0
0 1 1 0 1 0 1 0 1 0
0 0 0 0 0 0 0 0 0 0
0 0 0 0 1 1 1 1 0 0
0 0 0 0 0 0 0 0 0 0
client 29: hh
field client 29: 
0 0 0 1 0 0 0 0 1 0
0 0 0 0 0 0 0 0 0 0
0 0 1 0 1 0 0 0 0 1
0 0 1 0 1 0 1 1 0 1
0 0 1 0 0 0 0 0 0 1
0 0 0 0 0 0 1 0 0 0
0 0 0 0 0 0 0 0 0 0
0 0 0 1 1 1 1 0 0 0
0 0 0 0 0 0 0 0 1 1
0 1 0 0 0 0 0 0 0 0
hh  :  hh
hh  win

client 30: hh
field client 30: 
1 1 0 0 0 0 0 0 0 0
0 0 0 1 1 1 1 0 1 0
0 0 0 0 0 0 0 0 0 0
0 0 0 1 0 1 0 0 0 0
0 0 0 0 0 1 0 0 0 1
1 1 0 0 0 0 0 0 0 0
0 0 0 0 0 0 1 1 1 0
0 0 1 0 0 0 0 0 0 0
0 0 0 0 0 0 0 1 1 1
0 0 0 0 0 0 0 0 0 0
client 31: hh
field client 31: 
0 0 0 1 0 0 1 0 0 1
0 0 0 0 0 0 1 0 0 1
0 0 0 0 1 0 0 0 0 1
1 0 0 0 1 0 0 0 0 0
0 0 0 0 0 0 0 0 0 0
0 0 0 0 0 0 0 0 0 0
1 1 1 1 0 0 0 1 1 0
0 0 0 0 0 1 0 0 0 0
1 1 1 0 0 0 0 0 0 1
0 0 0 0 0 0 0 0 0 0
hh  :  hh
hh  win

client 32: hh
field client 32: 
0 0 1 0 0 0 1 0 0 0
0 0 0 0 0 0 0 0 0 1
0 0 0 0 0 0 0 0 0 0
0 0 0 0 0 1 0 1 1 0
0 0 0 0 0 1 0 0 0 0
1 0 0 0 0 0 0 0 0 0
1 0 1 1 1 0 1 0 0 0
1 0 0 0 0 0 0 0 0 0
0 0 0 0 0 0 0 0 1 1
0 0 0 1 1 1 1 0 0 0
client 33: hh
field client 33: 
0 0 0 0 0 1 0 0 0 0
0 0 0 0 0 0 0 0 0 0
1 0 0 0 0 1 1 0 0 0
0 0 1 1 0 0 0 0 0 0
0 0 0 0 0 0 0 0 0 0
1 0 1 1 1 0 0 1 0 0
0 0 0 0 0 0 0 1 0 0
0 0 0 0 1 1 0 1 0 0
1 1 1 0 0 0 0 1 0 0
0 0 0 0 0 1 0 0 0 0
hh  :  hh
hh  win

client 34: hh
field client 34: 
0 0 1 0 0 1 1 0 0 0
0 0 0 0 0 0 0 0 0 0
0 0 0 1 0 0 0 0 0 0
1 0 0 1 0 0 0 0 0 0
1 0 0 1 0 1 0 1 0 1
0 0 0 1 0 0 0 0 0 0
0 0 0 0 0 0 0 0 0 0
1 1 1 0 0 0 0 1 1 1
0 0 0 0 0 1 0 0 0 0
0 0 0 0 0 1 0 0 0 0
client 35: hh
field client 35: 
0 0 0 0 0 1 0 0 0 0
1 1 0 1 0 1 0 0 0 0
0 0 0 0 0 0 0 0 0 1
1 0 0 0 0 0 0 0 0 0
1 0 0 1 0 0 0 0 0 0
1 0 0 1 0 0 0 0 0 0
0 0 0 1 0 0 0 1 1 1
0 0 0 1 0 0 0 0 0 0
0 0 0 0 0 0 0 0 0 0
1 0 0 0 1 0 1 1 0 0
hh  :  hh
hh  win

client 36: hh
field client 36: 
0 0 0 1 1 0 0 0 0 0
0 0 0 0 0 0 0 0 0 0
0 0 0 0 0 0 0 0 1 0
1 1 0 0 1 0 1 0 1 0
0 0 0 0 1 0 0 0 1 0
0 0 1 0 1 0 0 0 1 0
0 0 0 0 0 0 0 0 0 0
1 1 1 0 0 0 1 0 0 0
0 0 0 0 0 0 0 0 0 0
1 1 0 0 0 0 0 0 1 0
client 37: hh
field client 37: 
0 0 0 1 0 0 0 0 0 0
1 0 0 1 0 1 0 1 1 1
1 0 0 1 0 0 0 0 0 0
1 0 0 1 0 0 0 0 0 0
0 0 0 0 0 0 1 0 0 0
0 0 0 0 0 0 0 0 0 0
0 0 0 0 0 0 1 1 0 0
0 0 0 0 1 0 0 0 0 1
0 0 0 0 0 0 1 0 0 1
0 0 1 0 0 0 1 0 0 0
hh  :  hh
hh  win

client 38: hh
field client 38: 
0 0 0 0 0 0 0 0 0 1
1 1 1 0 0 0 0 0 0 0
0 0 0 0 1 0 0 0 0 0
0 0 0 0 1 0 0 0 0 1
0 1 1 0 1 0 0 0 0 0
0 0 0 0 0 0 0 0 0 1
0 1 0 1 0 0 0 0 0 1
0 1 0 0 0 0 0 0 0 0
0 1 0 1 0 0 1 1 0 0
0 1 0 0 0 0 0 0 0 0
client 39: hh
field client 39: 
0 0 1 0 1 1 1 0 0 0
0 0 1 0 0 0 0 0 0 0
0 0 0 0 0 0 0 0 0 1
1 0 0 0 1 1 1 0 0 0
1 0 0 0 0 0 0 0 0 0
0 0 1 0 0 0 0 0 0 0
0 0 0 0 0 0 0 0 0 0
0 0 1 0 1 0 1 1 1 1
0 0 1 0 0 0 0 0 0 0
0 0 0 0 0 0 0 1 0 0
hh  :  hh
hh  win

client 0: hh
field client 0: 
0 0 0 0 0 0 0 1 0 0
0 0 0 0 0 0 0 1 0 0
0 1 0 0 0 0 0 1 0 0
0 0 0 0 0 0 0 0 0 1
0 0 1 1 0 1 0 0 0 0
0 0 0 0 0 1 0 0 0 0
1 0 0 0 0 1 0 1 0 0
0 0 0 0 0 1 0 0 0 0
0 1 1 1 0 0 0 0 1 0
0 0 0 0 0 1 1 0 1 0
client 1: hh
field client 1: 
0 0 0 0 0 0 0 0 0 1
0 0 0 0 0 0 0 0 0 1
0 0 0 0 0 0 1 1 0 0
0 1 1 0 1 0 0 0 0 0
0 0 0 0 1 0 1 0 0 0
0 1 0 0 1 0 0 0 0 0
0 1 0 0 0 0 0 0 0 1
0 1 0 0 1 1 1 1 0 0
0 0 0 0 0 0 0 0 0 0
0 0 0 0 1 0 0 0 1 0
hh  :  hh
hh  win

client 2: hh
field client 2: 
0 0 0 1 0 0 1 1 1 0
1 0 0 0 0 0 0 0 0 0
1 0 0 0 1 1 1 1 0 1
0 0 0 0 0 0 0 0 0 1
0 0 0 0 0 0 0 0 0 0
0 0 0 0 0 1 1 1 0 0
0 0 0 1 0 0 0 0 0 0
0 0 0 0 0 0 1 0 0 0
0 0 0 1 1 0 0 0 0 1
0 0 0 0 0 0 0 0 0 0
client 3: hh
field client 3: 
0 0 0 0 0 0 0 0 0 0
1 0 1 0 1 0 0 0 0 0
0 0 0 0 1 0 0 0 0 1
1 1 0 0 1 0 0 0 0 0
0 0 0 0 0 0 1 0 0 0
0 0 1 0 1 0 1 0 1 0
0 0 1 0 1 0 1 0 1 0
0 0 0 0 0 0 1 0 1 0
0 0 0 1 0 0 0 0 0 0
0 0 0 0 0 0 0 0 0 0
hh  :  hh
hh  win

client 4: hh
field client 4: 
0 0 0 0 1 1 1 0 0 0
0 1 0 0 0 0 0 0 0 0
0 1 0 0 0 0 0 0 0 0
0 0 0 0 0 0 0 0 0 0
1 1 1 0 1 1 0 0 0 1
0 0 0 0 0 0 0 0 0 0
0 0 0 1 1 1 1 0 0 0
0 0 0 0 0 0 0 0 0 0
1 0 1 1 0 0 0 0 0 0
0 0 0 0 0 0 0 1 0 1
client 5: hh
field client 5: 
1 0 0 1 1 0 0 0 0 1
0 0 0 0 0 0 1 0 0 0
0 0 0 0 0 0 0 0 0 0
0 0 0 0 0 0 0 0 0 0
0 1 1 0 0 1 1 1 1 0
0 0 0 0 0 0 0 0 0 0
0 0 0 1 1 1 0 0 0 0
0 0 0 0 0 0 0 1 0 0
0 0 0 0 0 0 0 1 0 0
1 1 0 0 0 0 0 1 0 1
hh  :  hh
hh  win

client 0: hh
field client 0: 
0 1 1 1 0 1 0 0 0 0
0 0 0 0 0 0 0 0 0 0
1 0 0 0 0 0 0 0 0 1
1 0 0 0 0 0 0 0 0 0
0 0 0 0 0 0 1 1 0 0
0 0 0 0 0 0 0 0 0 0
0 1 1 1 1 0 0 0 0 0
0 0 0 0 0 0 0 1 1 1
0 0 0 0 0 0 0 0 0 0
0 1 0 0 1 1 0 0 0 1
client 1: hh
field client 1: 
0 0 0 0 0 1 0 0 0 0
1 0 0 0 0 0 0 0 0 0
1 0 0 0 0 1 1 1 0 0
0 0 0 1 0 0 0 0 0 0
0 0 0 0 0 0 0 0 0 0
0 0 0 1 0 0 0 0 0 0
0 0 0 1 0 1 1 1 0 1
0 0 0 1 0 0 0 0 0 0
1 1 0 1 0 0 0 0 0 1
0 0 0 0 0 0 1 0 0 1
hh  :  hh
hh  win

client 2: hh
field client 2: 
1 0 0 1 1 0 0 1 0 0
1 0 0 0 0 0 0 0 0 0
1 0 0 0 1 1 0 0 0 0
1 0 0 0 0 0 0 0 0 0
0 0 0 0 0 0 1 0 0 1
0 0 0 0 0 0 1 0 0 1
0 0 0 0 0 0 0 0 0 1
0 1 0 0 1 0 0 1 0 0
0 0 0 0 0 0 0 0 0 0
0 0 0 0 1 1 1 0 0 0
client 3: hh
field client 3: 
0 0 0 1 0 0 1 1 0 0
0 0 0 1 0 0 0 0 0 0
0 0 0 1 0 0 0 0 0 1
1 0 0 0 0 0 0 0 0 1
0 0 1 0 0 0 0 0 0 0
0 0 1 0 0 1 0 1 1 0
0 0 1 0 0 0 0 0 0 0
0 0 0 0 0 0 0 0 0 0
0 0 0 0 0 0 0 0 0 0
0 1 1 1 1 0 1 0 0 1
hh  :  hh
hh  win

client 4: hh
field client 4: 
0 1 0 0 0 0 0 0 0 0
0 0 0 0 0 1 1 0 0 0
0 0 0 0 0 0 0 0 0 0
0 0 0 0 0 0 1 0 1 1
1 0 0 1 0 0 0 0 0 0
0 0 0 0 0 1 0 1 1 1
0 0 1 0 0 1 0 0 0 0
0 0 1 0 0 0 0 0 0 0
0 0 1 0 0 0 0 0 0 0
0 0 1 0 0 1 1 1 0 0
client 5: hh
field client 5: 
0 0 0 1 1 0 0 0 0 0
0 0 0 0 0 0 0 0 0 0
0 1 0 0 0 0 0 0 0 0
0 0 0 0 0 0 0 0 0 0
0 0 0 1 0 1 1 0 0 1
1 0 0 1 0 0 0 0 0 1
1 0 0 1 0 1 0 1 0 1
1 0 0 0 0 0 0 0 0 0
1 0 0 0 1 0 0 0 0 0
0 0 0 0 1 0 0 0 1 0
hh  :  hh
hh  win

client 6: hh
field client 6: 
0 1 0 0 0 0 1 1 0 0
0 0 0 0 0 0 0 0 0 0
0 0 1 0 0 0 0 0 0 0
0 0 1 0 1 1 1 1 0 0
0 0 1 0 0 0 0 0 0 0
0 0 0 0 0 0 0 1 0 0
0 0 0 0 0 0 0 0 0 0
1 1 1 0 1 0 0 0 1 1
0 0 0 0 0 0 0 0 0 0
0 0 0 0 1 1 0 0 0 1
client 7: hh
field client 7: 
0 1 0 0 0 0 0 1 0 1
0 1 0 0 1 1 0 0 0 1
0 1 0 0 0 0 0 0 0 1
0 0 0 0 0 0 0 1 0 1
0 1 0 0 0 0 0 0 0 0
0 0 0 0 0 0 0 0 0 0
0 0 0 0 0 0 1 0 0 0
0 0 1 0 0 0 1 0 0 1
0 0 1 0 0 0 0 0 0 1
1 0 0 0 0 0 0 0 0 1
hh  :  hh
hh  win

client 0: hh
field client 0: 
0 0 0 0 0 0 0 0 0 0
0 0 0 0 0 1 0 0 0 0
0 0 0 0 0 0 0 0 0 1
0 0 0 1 1 1 1 0 0 0
0 0 0 0 0 0 0 0 1 0
0 1 0 0 0 0 1 0 1 0
0 1 0 0 0 0 0 0 1 0
0 1 0 0 0 1 1 0 0 0
0 0 0 1 0 0 0 0 0 0
1 0 0 1 0 0 1 1 0 0
client 1: hh
field client 1: 
0 0 0 0 0 1 0 0 0 1
0 0 0 0 0 1 0 0 0 0
0 0 0 0 0 1 0 0 0 0
0 1 1 1 0 1 0 0 1 0
0 0 0 0 0 0 0 0 0 0
0 0 0 0 1 0 1 1 0 0
0 0 0 0 0 0 0 0 0 0
0 0 1 1 0 0 1 1 0 0
0 0 0 0 0 0 0 0 0 0
0 1 1 1 0 0 0 0 0 1
hh  :  hh
hh  win

client 2: hh
field client 2: 
1 0 1 1 1 0 0 0 0 0
1 0 0 0 0 0 1 0 0 0
0 0 0 0 0 0 1 0 0 1
0 0 0 0 0 0 0 0 0 1
0 0 0 0 0 0 0 0 0 1
0 0 0 0 0 0 1 0 0 0
0 1 0 0 0 0 1 0 0 0
0 0 0 0 1 0 1 0 1 1
0 1 0 0 0 0 1 0 0 0
0 0 0 1 0 0 0 0 0 0
client 3: hh
field client 3: 
0 0 1 0 0 0 0 0 1 0
1 0 0 0 0 0 0 0 1 0
1 0 0 0 0 0 0 0 0 0
1 0 0 0 1 1 1 0 0 0
0 0 0 0 0 0 0 0 0 0
0 0 0 0 0 0 0 0 0 1
1 0 0 0 0 1 0 0 0 0
1 0 1 0 0 0 0 0 0 0
0 0 0 0 0 0 0 0 0 0
1 1 0 0 0 1 1 1 1 0
hh  :  hh
hh  win

client 4: hh
field client 4: 
0 0 0 0 0 0 0 0 1 0
1 0 0 0 1 0 0 0 1 0
0 0 0 0 1 0 1 0 1 0
0 1 1 0 1 0 0 0 0 0
0 0 0 0 0 0 1 1 0 0
0 0 0 0 0 0 0 0 0 1
0 0 0 0 0 0 0 0 0 0
0 0 0 0 0 0 1 1 0 0
1 0 0 0 0 0 0 0 0 0
0 0 1 1 1 1 0 0 0 0
client 5: hh
field client 5: 
0 1 1 1 0 0 0 0 0 0
0 0 0 0 0 0 1 1 1 1
0 1 0 0 0 0 0 0 0 0
0 0 0 0 0 0 0 0 0 1
0 1 0 1 0 0 1 1 0 0
0 0 0 0 0 0 0 0 0 0
0 0 0 1 1 1 0 0 0 0
0 0 0 0 0 0 0 0 0 0
1 0 0 1 0 0 0 0 0 0
1 0 0 1 0 0 0 0 0 0
hh  :  hh
hh  win

client 6: hh
field client 6: 
0 0 0 1 0 1 0 0 0 0
1 1 0 0 0 0 0 0 0 0
0 0 0 0 1 1 1 0 0 1
0 0 0 0 0 0 0 0 0 1
0 0 0 0 0 1 0 0 0 0
0 0 1 0 0 0 0 0 0 0
0 0 0 0 0 0 0 0 0 0
0 0 0 0 0 0 1 1 1 0
0 0 1 0 0 0 0 0 0 0
0 0 1 0 0 0 1 1 1 1
client 7: hh
field client 7: 
0 0 0 0 0 0 0 0 0 1
1 0 0 0 0 1 0 0 0 0
1 0 0 1 0 1 0 0 0 0
0 0 0 1 0 1 0 0 0 0
0 0 0 0 0 0 0 0 0 1
0 1 1 1 0 0 0 1 0 0
0 0 0 0 0 0 0 1 0 0
0 0 0 0 1 1 0 1 0 1
0 0 0 0 0 0 0 1 0 0
0 0 0 0 0 1 0 0 0 0
hh  :  hh
hh  win

client 8: hh
field client 8: 
0 0 1 0 0 0 1 1 0 0
0 0 1 0 0 0 0 0 0 0
0 0 0 0 0 0 0 0 0 1
0 0 0 1 1 1 0 0 0 1
0 0 0 0 0 0 0 0 0 1
1 0 1 0 0 0 0 0 0 1
1 0 0 0 0 0 0 0 0 0
0 0 0 1 0 1 0 0 1 0
0 1 0 0 0 0 0 0 1 0
0 0 0 0 0 0 0 0 1 0
client 9: hh
field client 9: 
0 0 0 0 0 0 0 0 0 0
0 0 0 0 1 1 0 0 0 1
1 0 1 0 0 0 0 0 0 0
0 0 1 0 0 0 0 0 0 1
0 0 1 0 0 0 0 0 0 0
0 0 1 0 0 0 0 0 1 0
0 0 0 0 1 1 1 0 0 0
1 1 1 0 0 0 0 0 0 0
0 0 0 0 0 0 1 1 0 0
0 0 1 1 0 0 0 0 0 0
hh  :  hh
hh  win

client 10: hh
field client 10: 
0 0 0 0 0 0 0 0 0 0
1 0 1 0 0 0 0 0 0 0
1 0 1 0 0 0 0 1 0 1
1 0 0 0 0 0 0 0 0 1
1 0 1 1 0 0 0 0 0 1
0 0 0 0 0 0 0 0 0 0
0 0 0 0 1 0 0 0 1 1
0 0 0 0 0 0 0 0 0 0
1 0 1 1 1 0 0 1 0 0
0 0 0 0 0 0 0 0 0 0
client 11: hh
field client 11: 
1 0 0 0 0 0 0 0 0 0
1 0 0 0 0 0 0 0 0 0
1 0 0 0 0 0 0 0 0 1
0 0 0 1 0 1 0 0 0 0
0 0 0 1 0 0 0 0 0 0
0 1 0 1 0 0 1 0 0 0
0 1 0 1 0 0 1 0 0 1
0 0 0 0 0 0 0 0 0 0
0 1 1 1 0 0 0 1 0 1
0 0 0 0 0 0 0 0 0 1
hh  :  hh
hh  win

client 12: hh
field client 12: 
1 0 0 0 0 0 0 1 0 0
1 0 0 1 0 0 0 1 0 0
0 0 0 0 0 0 0 1 0 0
0 1 0 0 0 1 0 0 0 0
0 1 0 0 0 1 0 1 0 0
0 0 0 1 0 1 0 0 0 0
0 0 0 1 0 1 0 0 0 1
0 0 0 1 0 0 0 0 0 0
1 0 0 0 0 0 0 0 0 0
1 0 0 0 0 0 0 0 1 0
client 13: hh
field client 13: 
0 0 0 0 1 1 1 0 1 0
0 0 0 0 0 0 0 0 0 0
0 1 0 0 0 0 0 0 0 1
0 1 0 0 0 0 0 0 0 0
0 1 0 0 0 0 0 0 1 0
0 0 0 0 0 0 0 0 1 0
0 0 0 0 1 0 0 0 0 0
1 0 1 0 1 0 1 0 0 0
1 0 0 0 1 0 0 0 0 1
0 0 0 0 1 0 0 0 0 1
hh  :  hh
hh  win

client 14: hh
field client 14: 
0 1 0 0 0 0 0 0 0 0
0 0 0 1 1 1 0 0 1 1
0 0 0 0 0 0 0 0 0 0
0 0 0 0 0 0 0 0 0 0
0 0 0 0 0 0 0 0 0 0
1 1 1 1 0 1 0 0 0 1
0 0 0 0 0 1 0 0 0 0
0 0 1 0 0 1 0 0 0 1
1 0 0 0 0 0 0 0 0 1
1 0 0 0 0 0 0 1 0 0
client 15: hh
field client 15: 
0 0 1 0 1 0 1 0 0 0
0 0 0 0 1 0 1 0 1 0
0 1 0 0 0 0 0 0 1 0
0 0 0 0 0 0 0 0 1 0
0 0 0 0 0 0 0 0 0 0
0 0 0 0 1 1 1 1 0 0
0 0 0 0 0 0 0 0 0 0
0 0 1 0 1 0 0 0 0 1
0 0 1 0 0 0 0 0 0 1
0 0 0 0 0 0 1 0 0 1
hh  :  hh
hh  win

client 16: hh
field client 16: 
0 0 0 0 0 1 0 0 0 0
0 0 0 0 0 0 0 0 0 0
0 0 0 0 0 0 0 0 1 0
0 0 0 0 0 1 0 0 1 0
0 0 1 0 0 1 0 0 1 0
0 0 1 0 0 1 0 0 0 0
0 0 0 0 0 1 0 1 0 0
1 1 1 0 0 0 0 0 0 0
0 0 0 0 1 0 1 0 0 0
1 0 0 0 1 0 1 0 0 1
client 17: hh
field client 17: 
0 0 0 0 1 0 1 0 0 1
1 1 1 0 0 0 1 0 0 0
0 0 0 0 0 0 0 0 0 0
0 0 1 0 0 0 0 0 0 0
0 0 1 0 0 1 1 1 0 0
0 0 0 0 0 0 0 0 0 0
0 0 0 1 1 1 1 0 1 0
0 0 0 0 0 0 0 0 1 0
0 0 0 1 0 0 0 0 0 0
0 1 0 0 0 0 0 0 0 0
hh  :  hh
hh  win

client 18: hh
field client 18: 
0 1 0 0 0 0 1 0 1 0
0 0 0 0 0 0 1 0 1 0
0 0 0 0 0 0 0 0 1 0
0 1 0 0 1 0 1 0 0 0
0 0 0 0 0 0 1 0 0 0
0 0 0 0 0 0 0 0 0 0
0 0 0 0 0 0 0 0 0 0
1 0 1 1 1 1 0 0 0 0
0 0 0 0 0 0 0 0 1 1
1 1 1 0 0 0 0 0 0 0
client 19: hh
field client 19: 
0 0 0 0 1 0 0 0 0 0
0 0 0 0 1 0 0 0 0 1
0 0 1 0 1 0 0 0 0 0
0 0 0 0 1 0 0 0 0 0
0 0 0 0 0 0 0 0 1 0
1 0 0 0 0 0 0 0 1 0
1 0 1 0 1 1 1 0 1 0
0 0 0 0 0 0 0 0 0 0
1 0 0 1 1 0 1 0 0 0
1 0 0 0 0 0 0 0 0 0
hh  :  hh
hh  win

client 20: hh
field client 20: 
0 0 0 0 0 0 0 0 0 1
1 0 0 0 0 1 0 0 0 0
0 0 0 0 0 0 0 0 0 0
1 1 1 1 0 0 0 0 0 0
0 0 0 0 0 0 0 0 0 0
1 0 0 0 1 0 0 1 1 0
1 0 1 0 1 0 0 0 0 0
1 0 1 0 1 0 0 0 0 1
0 0 0 0 0 0 0 1 0 1
0 0 0 0 0 0 0 0 0 0
client 21: hh
field client 21: 
0 0 0 0 0 1 0 0 0 0
0 0 1 1 0 1 0 0 0 1
0 0 0 0 0 0 0 1 0 1
0 0 1 0 0 0 0 0 0 1
0 0 1 0 1 0 0 0 0 0
0 0 1 0 1 0 0 0 0 0
0 0 1 0 1 0 0 0 0 1
1 0 0 0 0 0 1 0 0 1
0 0 0 0 0 0 0 0 0 0
0 1 0 0 0 0 0 0 0 0
hh  :  hh
hh  win

client 22: hh
field client 22: 
1 0 0 0 0 1 0 0 0 0
1 0 0 0 0 0 0 1 1 1
1 0 0 0 1 1 0 0 0 0
0 0 0 0 0 0 0 0 0 0
0 0 0 1 0 0 0 0 0 1
0 0 0 0 0 0 0 0 0 0
0 0 1 1 1 1 0 1 1 0
0 0 0 0 0 0 0 0 0 0
0 1 0 0 0 0 1 0 0 0
0 1 0 0 0 0 0 0 0 0
client 23: hh
field client 23: 
0 0 1 0 1 0 0 0 0 1
1 0 1 0 1 0 0 0 0 0
0 0 1 0 0 0 1 0 0 0
0 0 0 0 0 0 1 0 0 0
0 1 1 1 0 0 0 0 0 0
0 0 0 0 0 0 0 0 0 0
0 0 0 0 0 0 0 1 1 0
1 0 0 0 0 0 0 0 0 0
0 0 0 0 0 0 0 0 0 0
0 1 0 1 1 1 1 0 0 0
hh  :  hh
hh  win

client 24: hh
field client 24: 
1 1 1 0 0 0 0 0 0 0
0 0 0 0 0 0 0 1 0 0
1 1 1 1 0 0 0 1 0 0
0 0 0 0 0 1 0 0 0 1
0 0 0 0 0 0 0 0 0 1
0 1 1 0 0 1 1 0 0 1
0 0 0 0 0 0 0 0 0 0
0 0 1 0 0 0 1 0 0 0
1 0 0 0 0 0 0 0 0 0
0 0 0 0 0 0 0 0 0 0
client 25: hh
field client 25: 
0 0 0 0 0 0 0 1 0 0
0 0 1 1 0 0 0 1 0 1
0 0 0 0 0 0 0 0 0 1
1 0 0 0 0 1 0 0 0 0
0 0 1 0 0 1 0 1 1 1
0 0 0 0 0 1 0 0 0 0
1 0 0 0 0 1 0 0 0 0
1 0 0 0 0 0 0 0 0 0
1 0 0 0 1 0 0 0 0 0
0 0 0 0 0 0 0 0 0 1
hh  :  hh
hh  win

client 26: hh
field client 26: 
0 0 0 0 0 0 1 0 1 0
0 1 1 1 1 0 0 0 0 0
0 0 0 0 0 0 0 1 1 0
1 0 1 0 1 0 0 0 0 0
1 0 0 0 1 0 0 0 0 0
0 0 0 0 0 0 1 0 0 0
0 0 1 1 1 0 0 0 0 0
0 0 0 0 0 0 0 0 1 0
0 0 0 0 0 0 0 0 1 0
0 0 0 0 0 0 0 0 1 0
client 27: hh
field client 27: 
0 1 0 0 1 0 0 0 0 0
0 1 0 0 0 0 1 1 1 1
0 0 0 1 0 0 0 0 0 0
0 0 0 0 0 0 0 0 1 0
1 1 0 1 0 0 0 0 1 0
0 0 0 0 0 0 0 0 0 0
1 0 0 0 0 1 0 0 0 1
0 0 0 0 0 1 0 0 0 1
0 0 0 0 0 1 0 0 0 1
0 0 0 0 0 0 0 0 0 0
hh  :  hh
hh  win

client 28: hh
field client 28: 
0 0 0 0 0 1 0 1 1 1
0 1 0 1 0 1 0 0 0 0
0 0 0 1 0 0 0 0 0 0
0 0 0 1 0 0 0 0 1 0
0 0 0 0 0 0 0 0 1 0
0 0 0 0 1 0 1 0 0 0
0 0 1 0 0 0 0 0 0 0
0 0 1 0 0 0 0 0 1 1
0 0 1 0 0 0 0 0 0 0
0 0 1 0 0 0 0 0 1 0
client 29: hh
field client 29: 
0 0 0 0 0 0 0 0 1 1
1 0 0 0 0 0 0 0 0 0
1 0 0 0 1 0 0 0 1 0
1 0 0 0 0 0 0 0 0 0
1 0 0 0 0 0 0 0 1 0
0 0 1 0 0 0 0 0 0 0
0 0 1 0 1 0 0 0 1 0
0 0 1 0 0 0 0 0 1 0
1 0 0 0 0 1 1 0 1 0
1 0 0 0 0 0 0 0 0 0
hh  :  hh
hh  win

client 30: hh
field client 30: 
0 0 0 0 0 1 0 0 0 0
1 0 0 0 0 0 0 0 0 0
0 0 0 0 1 0 0 0 1 0
0 0 0 0 0 0 1 0 1 0
0 0 0 0 1 0 1 0 1 0
0 1 0 0 1 0 1 0 0 0
0 0 0 0 0 0 1 0 1 1
0 0 1 0 0 0 0 0 0 0
0 0 1 0 0 0 0 0 0 0
0 0 1 0 0 0 0 0 1 1
client 31: hh
field client 31: 
0 1 0 0 0 0 1 0 0 0
0 1 0 0 0 0 0 0 0 1
0 1 0 0 0 0 0 0 0 1
0 1 0 1 0 0 0 0 0 1
0 0 0 1 0 0 0 0 0 0
0 1 0 0 0 0 0 0 0 0
0 0 0 0 0 1 1 1 0 0
1 0 0 1 0 0 0 0 0 1
0 0 0 0 0 0 1 0 0 1
0 0 0 0 0 0 1 0 0 0
hh  :  hh
hh  win

client 32: hh
field client 32: 
0 0 0 0 0 0 1 1 0 0
0 1 0 0 0 0 0 0 0 1
0 1 0 0 0 1 0 0 0 0
0 1 0 0 0 0 0 0 1 0
0 1 0 0 0 0 0 0 0 0
0 0 0 1 0 0 0 0 0 0
1 0 0 1 0 0 0 0 0 0
1 0 0 1 0 1 1 0 0 0
0 0 0 0 0 0 0 0 0 0
0 0 0 0 0 1 0 1 1 1
client 33: hh
field client 33: 
0 0 0 0 0 0 0 0 0 0
0 0 1 1 1 0 0 0 0 1
0 0 0 0 0 0 0 0 0 1
0 0 0 1 0 1 0 0 0 0
0 0 0 0 0 1 0 0 0 0
1 0 0 1 0 1 0 0 1 0
1 0 0 0 0 0 0 0 0 0
0 0 0 1 1 1 1 0 0 0
1 0 0 0 0 0 0 0 0 0
1 0 0 0 0 1 0 0 0 0
hh  :  hh
hh  win

client 0: hh
field client 0: 
0 1 1 0 1 0 0 0 0 0
0 0 0 0 0 0 0 0 0 0
0 1 0 0 1 1 1 0 0 0
0 1 0 0 0 0 0 0 0 1
0 0 0 0 0 0 0 0 0 0
0 0 0 0 0 0 1 1 1 1
0 0 1 0 0 0 0 0 0 0
0 0 0 0 0 0 0 0 1 0
0 1 0 0 0 0 0 0 1 0
0 1 0 0 0 0 1 0 1 0
client 1: hh
field client 1: 
0 0 0 0 0 0 0 1 0 0
0 0 0 1 0 0 0 1 0 0
0 1 0 0 0 0 0 0 0 1
0 0 0 0 1 1 1 1 0 0
0 0 0 0 0 0 0 0 0 0
0 0 0 1 1 1 0 0 0 1
0 0 0 0 0 0 0 0 0 0
1 0 0 0 1 1 0 0 0 1
1 0 0 0 0 0 0 0 0 1
1 0 0 0 0 0 0 0 0 0
hh  :  hh
hh  win

client 2: hh
field client 2: 
0 1 1 1 1 0 0 1 0 0
0 0 0 0 0 0 0 0 0 1
0 0 1 0 0 0 0 1 0 0
0 0 0 0 0 0 0 1 0 0
0 0 0 0 0 0 0 1 0 0
0 0 1 0 0 0 0 0 0 0
0 0 1 0 0 0 0 0 1 0
0 0 0 0 1 0 0 0 1 0
0 0 0 0 1 0 0 0 0 0
1 1 0 0 1 0 1 0 0 0
client 3: hh
field client 3: 
0 0 0 0 0 0 1 1 0 0
0 0 1 0 0 0 0 0 0 0
0 0 1 0 0 0 0 1 0 1
0 0 0 0 1 0 0 1 0 1
1 1 1 0 0 0 0 0 0 1
0 0 0 0 0 0 1 0 0 0
0 0 0 0 0 0 0 0 0 0
0 0 0 1 0 0 0 0 0 0
0 0 0 0 0 0 0 0 0 0
1 0 0 0 1 1 1 1 0 0
hh  :  hh
hh  win

