client 0: hh
field client 0: 
1 0 0 0 1 1 1 0 0 0
0 0 0 0 0 0 0 0 1 0
1 0 0 0 0 0 0 0 0 0
0 0 1 1 1 0 0 0 0 1
0 0 0 0 0 0 0 0 0 1
0 0 1 0 0 0 0 0 0 0
0 0 1 0 0 0 1 1 0 0
1 0 1 0 0 0 0 0 0 0
1 0 1 0 0 0 0 0 1 0
0 0 0 0 0 0 0 0 0 0
client 1: hh
field client 1: 
0 0 0 0 1 1 0 1 1 1
0 0 0 0 0 0 0 0 0 0
0 1 0 0 0 0 0 1 0 0
0 1 0 0 0 0 0 0 0 0
0 0 0 0 1 1 1 1 0 0
1 0 0 0 0 0 0 0 0 0
0 0 0 0 0 0 0 0 0 0
0 0 0 1 0 1 0 0 0 0
0 0 0 0 0 1 0 0 0 0
0 1 1 1 0 0 0 0 1 0
hh  :  hh
hh  win

client 0: hh
field client 0: 
0 0 0 0 0 0 1 0 0 0
0 0 0 1 1 0 1 0 0 1
0 1 0 0 0 0 0 0 0 0
0 1 0 1 1 1 1 0 0 0
0 1 0 0 0 0 0 0 0 0
0 0 0 1 0 0 0 0 0 1
0 0 0 0 0 0 0 0 0 0
1 1 1 0 0 0 0 0 0 0
0 0 0 0 0 0 0 1 0 0
0 0 0 0 0 1 0 1 0 0
client 1: hh
field client 1: 
1 0 0 0 0 0 0 0 1 0
1 0 0 0 0 0 1 0 0 0
1 0 1 0 0 0 1 0 0 0
0 0 0 0 0 0 0 0 0 0
0 0 0 0 0 0 0 1 0 0
0 1 0 0 0 0 0 1 0 0
0 0 0 0 0 1 0 1 0 0
0 0 0 0 0 0 0 1 0 0
1 0 0 0 0 0 0 0 0 0
1 0 0 1 1 1 0 1 1 0
hh  :  hh
hh  win

